--------------input1-------------------------
6 4
0 0 0 0 0 0
0 0 0 0 0 0
0 0 0 0 0 0
0 0 0 0 0 1


--------------output1-------------------------
8



--------------input2-------------------------
6 4
0 -1 0 0 0 0
-1 0 0 0 0 0
0 0 0 0 0 0
0 0 0 0 0 1

--------------output2-------------------------
-1


--------------input3-------------------------
6 4
1 -1 0 0 0 0
0 -1 0 0 0 0
0 0 0 0 -1 0
0 0 0 0 -1 1

--------------output3-------------------------
6




--------------input4-------------------------
5 5
-1 1 0 0 0
0 -1 -1 -1 0
0 -1 -1 -1 0
0 -1 -1 -1 0
0 0 0 0 0

--------------output4-------------------------
14



--------------input5-------------------------
2 2
1 -1
-1 1

--------------output5-------------------------
0

