--------------input1-------------------------
4 6
101111
101010
101011
111011


--------------output1-------------------------
15



--------------input2-------------------------
4 6
110110
110110
111111
111101

--------------output2-------------------------
9



--------------input3-------------------------
2 25
1011101110111011101110111
1110111011101110111011101

--------------output3-------------------------
38




--------------input4-------------------------
7 7
1011111
1110001
1000001
1000001
1000001
1000001
1111111

--------------output4-------------------------
13


